31 36
43 40
 0 30
45  1
23 22
32 40
30 13
23 39
16 12
 2 34
41 19
46  5
44 25
40 21
10 41
22  8
25 41
23 18
39 26
36 32
13 34
 1 29
12 39
28 48
10 23
19 18
37 16
45 19
23 46
33 25
 5 35
18  3
 9  0
46 17
46  3
20 32
42 40
12  4
48 46
23  1
 1  8
10 45
 1  2
19 16
 6 33
48 21
42 16
32 39
31  0
10 23
 0 17
26 30
25  8
18 16
11 29
32 25
 1 21
42  6
 3  4
 1 43
43 44
26 20
32  3
30 29
43 48
24 38
20 30
24 17
 7  8
24  4
 5  2
22 21
 0 25
48 21
36 31
26 15
17 12
11 18
20 46
 2  7
 1 49
28 12
24 17
 1 48
27 28
 5  4
32 37
44 45
30 45
48 35
35 11
 3  0
38 14
44 19
25  1
39 20
47  0
34 14
 1 29
46 49
 6 33
 2 16
 1 12
17 19
10 40
28  4
12 20
26 21
20 17
37 41
39 17
42 29
 3 18
 6 38
 8 23
 6 25
12 33
38 20
29 22
 9 49
46  2
49 18
11 38
 4 18
15 16
 4 24
37  3
24  9
35 21
37 40
32 48
20 19
25 26
36 13
41 36
48  3
24 20
10 18
 8 26
35 39
 7 18
48 42
32 28
11 13
46 33
44 34
14 21
31 15
48 49
34 20
31 36
44 21
28 26
15 23
44 29
16 30
 2  0
 9 41
22 46
 5 49
14 32
11  2
21 18
35 43
42 46
34  1
29  0
45 16
39  0
17 14
23 37
35 20
48  8
38 21
21 39
29  0
48  9
15  0
42  6
 2 28
28 32
 1 12
19 41
43 34
42 20
47 36
 7 43
46 43
 1 25
38 48
 7 45
 0 25
 1 11
 4 40
 8 27
36 48
17  2
19 38
25  8
 3 48
28 10
10 32
22 29
43 12
44 47
13  4
 0 13
28 15
30 24
 5 46
48 24
18 27
10 46
 7  1
19 22
47 36
48 26
 6 28
26  1
19 16
32 25
 0 16
23 37
 7 16
 4  2
17 46
 7  5
24 11
39 17
44 36
 0 36
22 16
37 29
 5 34
 9  4
10 14
11 46
27  5
33 16
31 15
29 46
30 37
 4 43
20 32
26 15
12 32
28 18
34  3
14  0
21 20
41 10
 0 33
18 35
 8 40
17  0
 2 35
 2 49
17 21
31 19
 8 46
49 45
11 30
42 32
19 10
24 23
14 12
35 30
27 49
31 45
48 28
 1 25
14 49
11  8
46  7
47  3
43  2
 0 10
20 22
18 37
35 11
 3 19
42 37
39 28
48 22
45 41
21  2
45 35
11 46
31 21
 8 40
 5 44
27 13
11 41
34 27
46  9
38 39
37 26
 8 38
 2 25
27 36
 0  8
23 24
15 32
26 17
47  4
41 30
47 14
 7 29
28 39
10 27
19  0
 9 25
 7 25
19 29
34 29
 4 20
 0 23
28 43
43 39
23 39
19 23
41  3
31 46
29 12
43 31
 1  5
21 42
24  8
43 29
35 36
44 20
28 12
 8  1
35  3
32  7
25 27
16 45
 4 14
37 42
18 38
49 46
14 40
 3 39
31 48
 5 22
 3 14
14 44
29 33
38 35
10 32
35 45
25 38
11 42
 3 36
15 16
16  0
 1 33
18  9
29  1
20 39
22 10
31 47
24 36
42 33
13 20
 9 22
21 35
32 13
36  6
13 30
45  6
14 33
18 38
32 34
23 18
23 21
39 16
41 44
 7 23
 6 39
25 19
21 23
10  0
25  0
 4 16
19  2
35 49
33 48
 1 13
 1 44
32 14
29 12
19 17
 8 27
39 14
20 44
36 26
34 25
 0 26
31  2
 0 41
10 28
 0 16
34  4
26  7
10 29
 0 12
28 13
 9 47
33  2
 5 10
31 15
19 27
39 24
35 42
45 11
17  2
19  5
 8 26
 0  1
34 14
15 13
34 39
27 39
 4  7
44 14
44 40
 1 42
 2 18
16 28
35 22
10 31
42 34
22 35
45  7
11 36
 5 49
45 44
22 44
25  1
23 27
 5 30
35 46
39 26
16 47
45 16
24 43
41 49
49 39
25 48
24 36
17 16
37 40
42  1
40  1
36 25
48  0
 6 22
 5 27
13 28
14 19
32 27
47 13
43 30
11 48
39  1
39 48
21  4
27 36
28 18
10 13
16 27
 7 42
 3 20
49 20
25 48
30 13
38 18
30 25
33 30
49  0
45 17
12  2
30 45
21 44
13 27
28 24
30  8
12 32
15 40
17 16
10 38
 2 49
13  0
45 46
42  2
27 13
41 35
37 42
12  3
      